1746158200778 836482.625 0
1746158223068 663788.0 1
1746158246738 540893.9375 2
1746158272844 450982.0625 3
1746158299342 323382.90625 4
1746158323340 244795.53125 5
1746158345480 187143.515625 6
1746158367839 144191.609375 7
1746158389969 112720.2109375 8
1746158413071 90201.2734375 9
1746158438471 74653.515625 10
1746158467531 63792.05078125 11
1746158492512 56173.04296875 12
1746158518395 50715.0625 13
1746158541736 46782.82421875 14
1746158565877 43459.4453125 15
1746158589095 40907.80859375 16
1746158615164 38737.51953125 17
1746158657207 37088.16015625 18
1746158685961 35706.02734375 19
1746158713455 34815.46484375 20
1746158746307 33918.140625 21
1746158773720 33241.1015625 22
1746158798801 32629.248046875 23
1746158822085 32099.529296875 24
1746158845935 31858.447265625 25
1746158869839 31453.529296875 26
1746158893223 31124.90625 27
1746158918445 30909.8359375 28
1746158941183 30578.875 29
1746158964941 30323.71875 30
1746158987635 30080.67578125 31
1746159010987 29896.5 32
1746159035317 29801.13671875 33
1746159060815 29597.830078125 34
1746159083181 29394.7265625 35
1746159107954 29185.185546875 36
1746159130235 29041.939453125 37
1746159152434 28724.7265625 38
1746159174500 28682.080078125 39
1746159197079 28383.50390625 40
1746159220162 28242.107421875 41
1746159243374 28041.560546875 42
1746159271555 27834.849609375 43
1746159296429 27716.681640625 44
1746159319337 27587.42578125 45
1746159341204 27386.1953125 46
1746159366538 29185.185546875 47
