1746158200778 442169.4375 0
1746158223068 355777.25 1
1746158246738 294235.75 2
1746158272844 249130.046875 3
1746158299342 182868.828125 4
1746158323340 141771.65625 5
1746158345480 111636.5703125 6
1746158367839 89062.1640625 7
1746158389969 72512.7421875 8
1746158413071 60610.59765625 9
1746158438471 52308.59375 10
1746158467531 46637.24609375 11
1746158492512 42524.48828125 12
1746158518395 39681.7578125 13
1746158541736 37541.4453125 14
1746158565877 35748.61328125 15
1746158589095 34409.42578125 16
1746158615164 33214.25 17
1746158657207 32321.197265625 18
1746158685961 31563.9921875 19
1746158713455 31080.453125 20
1746158746307 30541.4140625 21
1746158773720 30161.490234375 22
1746158798801 29727.751953125 23
1746158822085 29371.318359375 24
1746158845935 29268.310546875 25
1746158869839 28964.9609375 26
1746158893223 28728.21484375 27
1746158918445 28543.37890625 28
1746158941183 28339.84765625 29
1746158964941 28104.0234375 30
1746158987635 27901.716796875 31
1746159010987 27757.087890625 32
1746159035317 27645.8359375 33
1746159060815 27487.2734375 34
1746159083181 27309.259765625 35
1746159107954 27144.4765625 36
1746159130235 27028.986328125 37
1746159152434 26748.541015625 38
1746159174500 26691.23046875 39
1746159197079 26421.11328125 40
1746159220162 26306.279296875 41
1746159243374 26136.359375 42
1746159271555 25954.046875 43
1746159296429 25830.90234375 44
1746159319337 25688.521484375 45
1746159341204 25515.759765625 46
1746159366538 27144.4765625 47
