1746158200778 394313.09375 0
1746158223068 308011.9375 1
1746158246738 246658.09375 2
1746158272844 201852.359375 3
1746158299342 140513.9375 4
1746158323340 103023.6796875 5
1746158345480 75506.8984375 6
1746158367839 55129.51171875 7
1746158389969 40207.41015625 8
1746158413071 29590.81640625 9
1746158438471 22344.9453125 10
1746158467531 17154.73828125 11
1746158492512 13648.55859375 12
1746158518395 11033.3603515625 13
1746158541736 9241.3408203125 14
1746158565877 7710.84228515625 15
1746158589095 6498.37109375 16
1746158615164 5523.255859375 17
1746158657207 4766.908203125 18
1746158685961 4142.00830078125 19
1746158713455 3735.0166015625 20
1746158746307 3376.69189453125 21
1746158773720 3079.61279296875 22
1746158798801 2901.519775390625 23
1746158822085 2728.157470703125 24
1746158845935 2590.142822265625 25
1746158869839 2488.583740234375 26
1746158893223 2396.6884765625 27
1746158918445 2366.469482421875 28
1746158941183 2239.04248046875 29
1746158964941 2219.66015625 30
1746158987635 2178.91015625 31
1746159010987 2139.40673828125 32
1746159035317 2155.3408203125 33
1746159060815 2110.523193359375 34
1746159083181 2085.4765625 35
1746159107954 2040.749755859375 36
1746159130235 2012.941162109375 37
1746159152434 1976.194580078125 38
1746159174500 1990.8602294921875 39
1746159197079 1962.41650390625 40
1746159220162 1935.857421875 41
1746159243374 1905.1876220703125 42
1746159271555 1880.739990234375 43
1746159296429 1885.7774658203125 44
1746159319337 1898.9183349609375 45
1746159341204 1870.4342041015625 46
1746159366538 2040.749755859375 47
