1746042261574 836617.5 0
1746042286826 666534.625 1
1746042311979 544030.125 2
1746042337565 435660.9375 3
1746042364797 320717.03125 4
1746042393212 244811.265625 5
1746042434453 187490.90625 6
1746042460944 144467.984375 7
1746042490460 112951.78125 8
1746042516681 90563.46875 9
1746042542691 74811.96875 10
1746042574199 63938.1171875 11
1746042604234 56354.62109375 12
1746042638644 50934.79296875 13
1746042676328 46915.28125 14
1746042730815 43671.8828125 15
1746042786870 41249.98046875 16
1746042814612 39164.86328125 17
1746042841670 37509.6953125 18
1746042867133 36192.91796875 19
1746042898267 35067.4765625 20
1746042923882 34372.43359375 21
1746042951473 33875.63671875 22
1746042978017 32985.70703125 23
1746043004577 32628.623046875 24
1746043029933 32279.271484375 25
1746043053264 31962.970703125 26
1746043075666 31530.5390625 27
1746043099058 31306.404296875 28
1746043122254 30991.455078125 29
1746043145706 30725.314453125 30
1746043168077 30456.69921875 31
1746043192683 30390.8984375 32
1746043223933 30097.67578125 33
1746043254054 29967.142578125 34
1746043307405 29836.17578125 35
1746043364317 29605.384765625 36
1746043393027 29402.65234375 37
1746043421081 29261.046875 38
1746043449766 29082.90625 39
1746043484854 28950.078125 40
1746043521662 28794.64453125 41
1746043557737 28638.45703125 42
1746043594950 28525.533203125 43
1746043623298 28283.794921875 44
1746043653253 28196.19921875 45
1746043682900 27999.630859375 46
1746043709351 27897.779296875 47
1746043737271 27694.033203125 48
1746043764999 27563.462890625 49
1746043793339 27461.95703125 50
1746043821964 27311.623046875 51
1746043851424 27212.484375 52
1746043891418 27065.33984375 53
1746044023416 26898.41015625 54
1746044054336 26713.353515625 55
1746044082920 26585.2890625 56
1746044111085 26392.560546875 57
1746044138549 26280.044921875 58
1746044157684 27694.033203125 59
