1746042261574 440753.0 0
1746042286826 355980.78125 1
1746042311979 294987.75 2
1746042337565 240413.53125 3
1746042364797 180709.15625 4
1746042393212 141331.125 5
1746042434453 111483.171875 6
1746042460944 88978.359375 7
1746042490460 72478.125 8
1746042516681 60691.40625 9
1746042542691 52396.4765625 10
1746042574199 46736.96484375 11
1746042604234 42657.34375 12
1746042638644 39821.765625 13
1746042676328 37670.80078125 14
1746042730815 35920.37109375 15
1746042786870 34635.390625 16
1746042814612 33504.15234375 17
1746042841670 32621.30078125 18
1746042867133 31938.048828125 19
1746042898267 31289.439453125 20
1746042923882 30834.83984375 21
1746042951473 30585.15625 22
1746042978017 30003.2265625 23
1746043004577 29793.056640625 24
1746043029933 29570.6171875 25
1746043053264 29371.732421875 26
1746043075666 29080.205078125 27
1746043099058 28907.1796875 28
1746043122254 28679.498046875 29
1746043145706 28452.416015625 30
1746043168077 28238.74609375 31
1746043192683 28169.62109375 32
1746043223933 27968.470703125 33
1746043254054 27833.927734375 34
1746043307405 27739.15625 35
1746043364317 27535.9296875 36
1746043393027 27338.88671875 37
1746043421081 27272.978515625 38
1746043449766 27104.16015625 39
1746043484854 26960.126953125 40
1746043521662 26829.736328125 41
1746043557737 26696.1640625 42
1746043594950 26591.158203125 43
1746043623298 26404.580078125 44
1746043653253 26294.638671875 45
1746043682900 26108.298828125 46
1746043709351 26035.138671875 47
1746043737271 25857.251953125 48
1746043764999 25735.541015625 49
1746043793339 25651.36328125 50
1746043821964 25500.91796875 51
1746043851424 25386.923828125 52
1746043891418 25244.240234375 53
1746044023416 25117.197265625 54
1746044054336 24941.775390625 55
1746044082920 24831.951171875 56
1746044111085 24650.4921875 57
1746044138549 24519.96875 58
1746044157684 25857.251953125 59
