1746042261574 395807.5625 0
1746042286826 310501.125 1
1746042311979 249020.4375 2
1746042337565 195251.046875 3
1746042364797 139968.796875 4
1746042393212 103484.203125 5
1746042434453 75980.9609375 6
1746042460944 55478.703125 7
1746042490460 40466.57421875 8
1746042516681 29870.263671875 9
1746042542691 22419.41796875 10
1746042574199 17213.271484375 11
1746042604234 13697.5400390625 12
1746042638644 11115.2197265625 13
1746042676328 9244.318359375 14
1746042730815 7747.49267578125 15
1746042786870 6609.65625 16
1746042814612 5662.69970703125 17
1746042841670 4883.60205078125 18
1746042867133 4262.4970703125 19
1746042898267 3776.521484375 20
1746042923882 3537.229248046875 21
1746042951473 3292.689453125 22
1746042978017 2982.90380859375 23
1746043004577 2844.83154296875 24
1746043029933 2710.911376953125 25
1746043053264 2591.287109375 26
1746043075666 2449.4697265625 27
1746043099058 2399.253173828125 28
1746043122254 2310.948486328125 29
1746043145706 2272.94873046875 30
1746043168077 2217.00439453125 31
1746043192683 2218.432861328125 32
1746043223933 2128.12451171875 33
1746043254054 2133.21826171875 34
1746043307405 2097.78564453125 35
1746043364317 2067.296875 36
1746043393027 2060.78857421875 37
1746043421081 1992.3675537109375 38
1746043449766 1975.229736328125 39
1746043484854 1991.617919921875 40
1746043521662 1965.591552734375 41
1746043557737 1937.994873046875 42
1746043594950 1930.5682373046875 43
1746043623298 1876.7283935546875 44
1746043653253 1899.385009765625 45
1746043682900 1889.4796142578125 46
1746043709351 1859.573486328125 47
1746043737271 1834.3260498046875 48
1746043764999 1827.5538330078125 49
1746043793339 1810.48779296875 50
1746043821964 1808.7882080078125 51
1746043851424 1829.4691162109375 52
1746043891418 1822.322021484375 53
1746044023416 1779.126953125 54
1746044054336 1776.8023681640625 55
1746044082920 1752.7078857421875 56
1746044111085 1741.1895751953125 57
1746044138549 1761.29443359375 58
1746044157684 1834.3260498046875 59
