1746159778060 835186.5 0
1746159799241 662813.875 1
1746159821367 540374.75 2
1746159843519 455179.65625 3
1746159865549 324944.96875 4
1746159887184 245225.046875 5
1746159908689 187347.421875 6
1746159932019 144275.4375 7
1746159953313 112765.421875 8
1746159975614 90299.5 9
1746159997714 74683.765625 10
1746160020417 64013.0234375 11
1746160042993 56596.1171875 12
1746160065006 51357.82421875 13
1746160087468 47698.12109375 14
1746160110453 44961.64453125 15
1746160132634 42694.3671875 16
1746160155066 40827.67578125 17
1746160177564 39184.71875 18
1746160199646 37756.140625 19
1746160222685 36679.03125 20
1746160245168 35690.390625 21
1746160267455 34775.62890625 22
1746160290209 34093.5859375 23
1746160313923 33378.5625 24
1746160336341 32913.59375 25
1746160359339 32522.544921875 26
1746160382118 32077.427734375 27
1746160404910 31879.59765625 28
1746160427298 31469.361328125 29
1746160450424 31237.732421875 30
1746160473477 30982.947265625 31
1746160496720 30769.42578125 32
1746160520895 30413.00390625 33
1746160543665 30279.30859375 34
1746160566862 30071.740234375 35
1746160590899 29961.2421875 36
1746160614711 29760.9140625 37
1746160638443 29629.783203125 38
1746160661331 30413.00390625 39
