1746159778060 441508.21875 0
1746159799241 355221.3125 1
1746159821367 293971.1875 2
1746159843519 251333.453125 3
1746159865549 183835.859375 4
1746159887184 142076.171875 5
1746159908689 111732.90625 6
1746159932019 89169.0703125 7
1746159953313 72531.4375 8
1746159975614 60701.49609375 9
1746159997714 52329.8203125 10
1746160020417 46772.07421875 11
1746160042993 42797.50390625 12
1746160065006 39948.9453125 13
1746160087468 37940.8828125 14
1746160110453 36487.0390625 15
1746160132634 35285.04296875 16
1746160155066 34297.83984375 17
1746160177564 33406.67578125 18
1746160199646 32700.837890625 19
1746160222685 32202.875 20
1746160245168 31647.642578125 21
1746160267455 31125.43359375 22
1746160290209 30693.740234375 23
1746160313923 30271.951171875 24
1746160336341 29989.775390625 25
1746160359339 29770.076171875 26
1746160382118 29453.869140625 27
1746160404910 29319.16015625 28
1746160427298 29032.994140625 29
1746160450424 28865.0859375 30
1746160473477 28686.998046875 31
1746160496720 28518.38671875 32
1746160520895 28247.943359375 33
1746160543665 28149.380859375 34
1746160566862 27955.98046875 35
1746160590899 27840.87890625 36
1746160614711 27721.28125 37
1746160638443 27564.087890625 38
1746160661331 28247.943359375 39
