1746159778060 393677.6875 0
1746159799241 307592.53125 1
1746159821367 246402.921875 2
1746159843519 203846.0625 3
1746159865549 141109.5 4
1746159887184 103149.0078125 5
1746159908689 75614.3671875 6
1746159932019 55106.3515625 7
1746159953313 40233.9765625 8
1746159975614 29597.89453125 9
1746159997714 22353.859375 10
1746160020417 17240.92578125 11
1746160042993 13798.650390625 12
1746160065006 11408.8818359375 13
1746160087468 9757.255859375 14
1746160110453 8474.58984375 15
1746160132634 7409.36328125 16
1746160155066 6529.82421875 17
1746160177564 5777.9931640625 18
1746160199646 5055.29443359375 19
1746160222685 4476.169921875 20
1746160245168 4042.7314453125 21
1746160267455 3650.197998046875 22
1746160290209 3399.805419921875 23
1746160313923 3106.64990234375 24
1746160336341 2923.833740234375 25
1746160359339 2752.474365234375 26
1746160382118 2623.6171875 27
1746160404910 2560.42578125 28
1746160427298 2436.38427734375 29
1746160450424 2372.64013671875 30
1746160473477 2295.9208984375 31
1746160496720 2251.080078125 32
1746160520895 2165.05078125 33
1746160543665 2129.88720703125 34
1746160566862 2115.724365234375 35
1746160590899 2120.3759765625 36
1746160614711 2039.6627197265625 37
1746160638443 2065.664794921875 38
1746160661331 2165.05078125 39
