1746054529778 836399.75 0
1746054567112 663862.875 1
1746054599741 540752.25 2
1746054633633 447133.5 3
1746054666086 322455.84375 4
1746054730793 244713.171875 5
1746054777679 186915.1875 6
1746054810462 143974.359375 7
1746054842972 112779.0078125 8
1746054881575 90301.84375 9
1746054913463 74708.7109375 10
1746054945748 63852.8359375 11
1746054992699 56266.02734375 12
1746055038870 50866.50390625 13
1746055112890 46782.60546875 14
1746055145578 43474.7109375 15
1746055179777 40943.015625 16
1746055213830 38803.09375 17
1746055253608 37147.01953125 18
1746055360824 35795.0234375 19
1746055424579 34946.16796875 20
1746055469737 34091.66796875 21
1746055518293 33472.2578125 22
1746055562221 32772.91015625 23
1746055612574 32465.125 24
1746055666456 32008.8046875 25
1746055723275 31667.693359375 26
1746055777475 31469.109375 27
1746055832898 31192.19140625 28
1746055898083 30966.427734375 29
1746055985433 30745.935546875 30
1746056039270 30433.16796875 31
1746056092535 30296.919921875 32
1746056151513 30063.001953125 33
1746056204196 29994.650390625 34
1746056259343 29710.5234375 35
1746056307984 29578.486328125 36
1746056357185 29308.318359375 37
1746056404063 29214.23046875 38
1746056448600 29030.98046875 39
1746056507924 28803.80859375 40
1746056623453 28661.876953125 41
1746056668186 28501.79296875 42
1746056711345 28350.283203125 43
1746056763415 30063.001953125 44
