1746054529778 442295.625 0
1746054567112 355899.21875 1
1746054599741 294213.25 2
1746054633633 247122.375 3
1746054666086 182549.171875 4
1746054730793 141916.546875 5
1746054777679 111588.609375 6
1746054810462 89008.171875 7
1746054842972 72619.5390625 8
1746054881575 60699.8125 9
1746054913463 52399.57421875 10
1746054945748 46658.84375 11
1746054992699 42683.39453125 12
1746055038870 39802.6953125 13
1746055112890 37617.1640625 14
1746055145578 35838.90234375 15
1746055179777 34552.28125 16
1746055213830 33342.40625 17
1746055253608 32484.79296875 18
1746055360824 31691.541015625 19
1746055424579 31240.525390625 20
1746055469737 30741.39453125 21
1746055518293 30354.388671875 22
1746055562221 29932.134765625 23
1746055612574 29739.0625 24
1746055666456 29425.626953125 25
1746055723275 29185.576171875 26
1746055777475 29023.423828125 27
1746055832898 28837.591796875 28
1746055898083 28645.2890625 29
1746055985433 28480.87890625 30
1746056039270 28254.53515625 31
1746056092535 28151.2265625 32
1746056151513 27958.408203125 33
1746056204196 27869.341796875 34
1746056259343 27641.552734375 35
1746056307984 27533.892578125 36
1746056357185 27315.96484375 37
1746056404063 27246.12109375 38
1746056448600 27042.48046875 39
1746056507924 26862.935546875 40
1746056623453 26701.548828125 41
1746056668186 26589.80859375 42
1746056711345 26448.939453125 43
1746056763415 27958.408203125 44
