1746054529778 394134.125 0
1746054567112 307974.375 1
1746054599741 246502.390625 2
1746054633633 199976.078125 3
1746054666086 139867.203125 4
1746054730793 102817.8671875 5
1746054777679 75323.75 6
1746054810462 54962.32421875 7
1746054842972 40155.87109375 8
1746054881575 29597.8828125 9
1746054913463 22318.85546875 10
1746054945748 17198.41796875 11
1746054992699 13576.0400390625 12
1746055038870 11059.8623046875 13
1746055112890 9166.37109375 14
1746055145578 7635.7880859375 15
1746055179777 6397.17431640625 16
1746055213830 5460.251953125 17
1746055253608 4660.5185546875 18
1746055360824 4099.6904296875 19
1746055424579 3702.85107421875 20
1746055469737 3350.459228515625 21
1746055518293 3115.297119140625 22
1746055562221 2836.617919921875 23
1746055612574 2722.526611328125 24
1746055666456 2585.6650390625 25
1746055723275 2480.9814453125 26
1746055777475 2447.3095703125 27
1746055832898 2351.242431640625 28
1746055898083 2323.11181640625 29
1746055985433 2261.86181640625 30
1746056039270 2181.373046875 31
1746056092535 2143.906005859375 32
1746056151513 2105.449462890625 33
1746056204196 2124.65771484375 34
1746056259343 2071.674072265625 35
1746056307984 2041.383544921875 36
1746056357185 1994.4058837890625 37
1746056404063 1966.267578125 38
1746056448600 1997.171142578125 39
1746056507924 1937.679931640625 40
1746056623453 1957.6572265625 41
1746056668186 1910.9600830078125 42
1746056711345 1898.728271484375 43
1746056763415 2105.449462890625 44
